WER:  21.536636013052508
CER:  6.8108633574336235
