WER_Valid on monolingual finetuned_checkpoint with Kenlm of the transcript

WER:  16.70127558587956
CER:  6.239747250744274