WER:  22.129931770987838
CER:  6.847317577009539
