WER_valid on monolingual checkpoint for with LM_large
WER:  18.42183328389202
CER:  6.318731393158758
